 
Img_meas=[0 500 1000 1500 2000 2500 3000 3500 4000 4500 5000 5500 6000 6500 7000 7500 8000 8500 9000 9500 10000 10500 11000 11500 12000 12500 13000 13500 14000 14500 15000 15500 16000 16500 17000 17500 18000 18500 19000 19500 20000 20500 21000 21500 22000 22500 23000 23500 24000 24500 25000 25500 26000 26500 27000 27500 28000 28500 29000 29500 30000 30500 31000 31500 ;6.25327 6.25328 6.25362  6.25753 6.26617 6.27632 6.28716 6.29816 6.30944 6.32091 6.33252 6.33839 6.35031 6.36254 6.37515 6.38816 6.40153 6.41524 6.42937 6.44392 6.45893 6.47447 6.49036 6.50654 6.52280 6.53911 6.55534 6.57135 6.58693 6.60201 6.61632 6.62991 6.63638 6.64876 6.66021 6.67089 6.68071 6.68970 6.69791 6.70547 6.71237 6.71872 6.72448 6.72985 6.73478 6.73936 6.74361 6.74758 6.75131 6.75481    6.75815 6.76126 6.76420   6.76700   6.76834  6.77094  6.77342 6.77581  6.77810  6.78029  6.78240 6.78567 6.79009 6.79408 ] ;


 
Real_meas=[0 500 1000 1500 2000 2500 3000 3500 4000 4500 5000 5500 6000 6500 7000 7500 8000 8500 9000 9500 10000 10500 11000 11500 12000 12500 13000 13500 14000 14500 15000 15500 16000 16500 17000 17500 18000 18500 19000 19500 20000 20500 21000 21500 22000 22500 23000 23500 24000 24500 25000 25500 26000  ; 6.28887 6.28887 6.28915 6.29274 6.30122 6.31155 6.32238 6.33352 6.34484 6.35643 6.36822 6.37422 6.38644 6.39891  6.41171 6.42481 6.43829 6.45223 6.46664 6.48153 6.49681 6.51242 6.52835 6.54441 6.56059 6.57673 6.59264 6.60805 6.62298 6.63737 6.65102 6.66389 6.67004 6.68172 6.69260 6.70266  6.71193 6.72043 6.72822 6.73532 6.74182 6.74777 6.75323 6.75824 6.76287 6.76716 6.77116 6.77489 6.77838 6.78167 6.78478 6.78771 6.79049 ] ;

