
% 0, 6.2888GHz
% 500, 6.2888GHz
% 1000, 6.2888GHz
% 1500, 6.2933GHz
% 2000, 6.301GHz
% 2500, 6.312GHz
% 3000, 6.322GHz
% 3500, 6.334GHz
% 4000, 6.345GHz
% 4500, 6.356GHz
% 5000, 6.3684GHz
% 5500, 6.375GHz
% 6000, 6.387GHz
% 6500, 6.399GHz
% 7000, 6.412GHz
% 7500, 6.4255GHz
% 8000, 6.4393GHz
% 8500, 6.4530GHz
% 9000, 6.4677GHz
% 9500, 6.4821GHz
% 10000, 6.4977GHz
% 10500, 6.5125GHz
% 11000, 6.5285GHz
% 12000, 6.5614GHz
% 13000, 6.5934GHz
% 14000, 6.6231GHz
% 15000, 6.6520GHz
% 16000, 6.6701GHz
% 17000, 6.6925GHz
% 18000, 6.7116GHz
% 19000, 6.7279GHz
% 20000, 6.7365GHz
% 21000, 6.7471GHz
% 22000, 6.7480GHz
% 23000, 6.7490GHz
% 24000, 6.7492GHz

A=[...
0, 6.2888;
500, 6.2888;
1000, 6.2888;
1500, 6.2933;
2000, 6.301;
2500, 6.312;
3000, 6.322;
3500, 6.334;
4000, 6.345;
4500, 6.356;
5000, 6.3684;
5500, 6.3747;
6000, 6.387;
6500, 6.399;
7000, 6.412;
7500, 6.4255;
8000, 6.4393;
8500, 6.4530;
9000, 6.4677;
9500, 6.4821;
10000, 6.4977;
10500, 6.5125;
11000, 6.5285;
12000, 6.5614;
13000, 6.5934;
14000, 6.6231;
15000, 6.6520;
16000, 6.6701;
17000, 6.6925;
18000, 6.7116;
19000, 6.7279;
20000, 6.7365;
21000, 6.7471;
22000, 6.7480;
23000, 6.7490;
 24000, 6.7492];
